 Elem	Todas permanentes e acidentais dos pavimentos	-	Empuxo	-	-	-	-	Vento (1) 78°	-	-	-	-	Vento (2) 258°	-	-	-	-	Vento (3) 348°	-	-	-	-	Vento (4) 168°	-	-	-	-	Vento (5) 33°	-	-	-	-	Vento (6) 123°	-	-	-	-	Vento (7) 213°	-	-	-	-	-	Vento (8) 303°	-	-	-	-	-	
 	Mx	My	Fz	Fx	Fy	Mx	My	Fz	Fx	Fy	Mx	My	Fz	Fx	Fy	Mx	My	Fz	Fx	Fy	Mx	My	Fz	Fx	Fy	Mx	My	Fz	Fx	Fy	Mx	My	Fz	Fx	Fy	Mx	My	Fz	Fx	Fy	Mx	My	Mz	Fz	Fx	Fy	Mx	My	Mz
 P102	   -0,70	   -2,01	   -1,66	  -13,30	    2,50	   -7,29	  -37,75	   -2,81	    0,10	    0,18	   -0,55	    0,24	    2,81	   -0,10	   -0,18	    0,55	   -0,24	   47,36	    3,99	   -0,84	    4,51	   20,83	  -47,36	   -3,99	    0,84	   -4,51	  -20,83	   15,61	    2,09	    0,01	    0,87	   10,26	  -28,72	   -1,66	    0,81	   -3,40	   -9,28	  -15,61	   -2,09	   -0,01	   -0,87	  -10,26	   -0,00	   28,72	    1,66	   -0,81	    3,40	    9,28	   -0,00
 P103	   -0,21	   -2,29	   -2,03	  -17,86	    3,49	   -9,91	  -49,96	    3,99	    0,03	    0,20	   -0,61	   -0,01	   -3,99	   -0,03	   -0,20	    0,61	    0,01	   61,29	    4,13	   -0,89	    4,57	   21,06	  -61,28	   -4,13	    0,89	   -4,57	  -21,06	   37,31	    1,96	    0,04	    0,72	    9,65	  -18,40	   -1,84	    0,87	   -3,52	   -9,71	  -37,31	   -1,96	   -0,04	   -0,72	   -9,65	   -0,00	   18,40	    1,84	   -0,87	    3,52	    9,71	   -0,00
 P104	   -1,05	   -4,35	  -19,97	  -37,73	    7,39	  -22,69	 -113,50	   11,31	    0,05	    0,41	   -1,29	   -0,21	  -11,30	   -0,05	   -0,41	    1,29	    0,21	  280,09	    8,30	   -1,69	   10,39	   48,37	 -280,05	   -8,30	    1,69	  -10,39	  -48,36	  153,52	    3,88	    0,15	    1,86	   21,57	  -99,43	   -3,67	    1,71	   -7,70	  -22,50	 -153,52	   -3,88	   -0,15	   -1,86	  -21,58	    0,00	   99,41	    3,67	   -1,71	    7,70	   22,50	   -0,00
 P105	   -4,97	  -21,16	    1,87	  -94,23	   19,29	  -95,62	 -453,33	   -1,89	    0,35	    0,70	   -3,07	   -3,37	    1,89	   -0,35	   -0,70	    3,07	    3,38	   50,02	   19,82	   -4,28	   57,90	  265,94	  -50,02	  -19,82	    4,28	  -57,89	 -265,91	   18,19	    9,75	   -0,37	   19,35	  112,88	  -26,73	   -8,11	    3,52	  -33,15	 -127,63	  -18,19	   -9,75	    0,37	  -19,35	 -112,89	   -0,00	   26,72	    8,11	   -3,52	   33,14	  127,61	   -0,00
 P106	   -1,26	   -6,05	   -1,59	  -25,86	    5,47	  -17,83	  -83,70	    5,65	    0,08	    0,09	   -0,14	    0,71	   -5,65	   -0,08	   -0,09	    0,15	   -0,71	   48,77	   10,21	   -2,22	   15,39	   70,68	  -48,77	  -10,21	    2,22	  -15,39	  -70,67	   36,40	    5,01	   -0,85	    6,95	   35,00	  -10,11	   -4,76	    1,28	   -7,76	  -32,46	  -36,40	   -5,01	    0,85	   -6,96	  -35,01	   -0,00	   10,10	    4,76	   -1,28	    7,76	   32,45	   -0,00
 P107	   -2,01	  -10,82	  -14,56	  -40,28	    8,00	  -31,91	 -154,98	  -11,52	    0,48	    0,30	   -0,92	    1,26	   11,53	   -0,48	   -0,30	    0,92	   -1,25	  256,70	   13,51	   -2,94	   28,02	  128,77	 -256,66	  -13,51	    2,94	  -28,02	 -128,76	   94,47	    7,42	   -0,72	   11,09	   63,27	 -148,73	   -5,38	    2,09	  -15,49	  -58,53	  -94,49	   -7,42	    0,72	  -11,10	  -63,28	   -0,00	  148,71	    5,38	   -2,09	   15,48	   58,52	   -0,00
 P108	    1,21	   -0,89	   -3,89	   -4,58	   -8,17	   20,85	  -11,50	  -12,41	    0,61	    2,82	   -9,73	    2,09	   12,41	   -0,61	   -2,82	    9,74	   -2,09	   66,23	    0,51	    0,28	   -0,34	    1,78	  -66,22	   -0,51	   -0,28	    0,34	   -1,78	    0,58	    1,59	    6,43	  -21,97	    5,47	  -58,26	    1,17	    6,34	  -22,29	    4,03	   -0,59	   -1,59	   -6,43	   21,96	   -5,47	   -0,00	   58,25	   -1,17	   -6,34	   22,29	   -4,03	   -0,00
 P109	   -2,69	  -15,46	  -15,51	  -32,22	    6,61	  -29,65	 -140,97	   19,95	   -0,09	    0,30	   -0,15	    2,97	  -19,94	    0,09	   -0,30	    0,16	   -2,96	  300,46	   15,91	   -3,47	   41,20	  189,25	 -300,41	  -15,91	    3,47	  -41,20	 -189,22	  192,93	    7,38	   -0,99	   19,31	   96,94	 -101,25	   -8,04	    2,38	  -20,49	  -85,66	 -192,95	   -7,38	    0,99	  -19,32	  -96,96	    0,00	  101,23	    8,04	   -2,38	   20,49	   85,65	    0,00
 P110	   -5,77	  -25,82	  -10,39	  -67,48	   13,87	  -75,51	 -355,83	    0,45	   -0,14	    0,57	   -1,72	   -0,48	   -0,44	    0,14	   -0,57	    1,73	    0,49	  186,30	   17,79	   -3,76	   61,05	  281,06	 -186,28	  -17,79	    3,76	  -61,04	 -281,03	   87,27	    7,94	   -0,46	   24,39	  129,00	  -84,76	   -8,64	    3,07	  -32,41	 -132,07	  -87,27	   -7,94	    0,46	  -24,39	 -129,01	   -0,00	   84,74	    8,64	   -3,07	   32,40	  132,05	   -0,00
 P111	   -1,90	   -8,34	  -35,08	  -74,65	   15,94	  -54,61	 -254,35	  -41,82	   -0,73	    0,39	   -1,18	   -2,43	   41,83	    0,73	   -0,39	    1,18	    2,43	  300,96	   14,68	   -3,23	   23,89	  109,51	 -300,93	  -14,68	    3,23	  -23,89	 -109,50	   37,67	    4,93	   -0,58	    8,10	   43,76	 -230,53	   -8,19	    2,32	  -13,33	  -54,29	  -37,69	   -4,93	    0,58	   -8,10	  -43,76	   -0,00	  230,51	    8,19	   -2,32	   13,33	   54,28	   -0,00
 P113	   -0,15	   -4,54	   -2,97	  -18,44	    3,79	  -11,45	  -54,20	   24,39	    0,06	    0,23	   -0,42	    0,72	  -24,39	   -0,06	   -0,23	    0,42	   -0,72	    9,73	   10,00	   -2,01	   11,85	   55,23	   -9,73	   -9,99	    2,01	  -11,85	  -55,22	   61,16	    4,89	   -0,44	    4,71	   27,96	   52,00	   -4,78	    1,52	   -6,75	  -25,37	  -61,15	   -4,89	    0,44	   -4,72	  -27,97	   -0,00	  -52,00	    4,78	   -1,52	    6,74	   25,36	    0,00
 P114	   -1,14	   -5,40	   -8,93	  -29,09	    6,21	  -19,92	  -92,55	  -10,67	    0,30	    0,07	   -0,17	    0,73	   10,67	   -0,30	   -0,07	    0,17	   -0,73	  -24,91	    9,98	   -2,16	   14,49	   66,59	   24,91	   -9,98	    2,16	  -14,49	  -66,58	  -36,68	    5,37	   -0,86	    6,42	   32,90	  -13,08	   -4,09	    1,19	   -7,30	  -30,10	   36,68	   -5,37	    0,86	   -6,42	  -32,90	   -0,00	   13,08	    4,09	   -1,19	    7,30	   30,09	   -0,00
 P115	   -1,56	   -7,24	  -24,87	  -56,26	   12,13	  -40,09	 -185,26	   17,74	    0,17	    0,12	   -0,54	   -0,80	  -17,74	   -0,17	   -0,12	    0,54	    0,81	   15,28	   14,08	   -3,07	   19,24	   88,33	  -15,28	  -14,07	    3,07	  -19,24	  -88,32	   48,17	    6,80	   -1,14	    7,55	   38,47	   34,37	   -6,02	    1,66	  -10,01	  -42,08	  -48,16	   -6,80	    1,14	   -7,55	  -38,47	   -0,00	  -34,38	    6,02	   -1,66	   10,01	   42,07	   -0,00
 P116	   -0,59	   -0,33	   -2,87	   -5,78	    0,33	   -1,12	  -14,51	   -4,24	    0,18	    0,67	   -2,00	    0,44	    4,24	   -0,18	   -0,67	    2,00	   -0,44	   20,74	    1,03	   -0,16	    0,82	    4,06	  -20,74	   -1,03	    0,16	   -0,82	   -4,06	   -0,73	    0,87	    1,43	   -4,14	    2,80	  -19,03	   -0,03	    1,59	   -4,93	   -0,77	    0,72	   -0,87	   -1,43	    4,14	   -2,80	   -0,00	   19,03	    0,03	   -1,59	    4,93	    0,77	   -0,00
 P118	   65,49	  -69,02	    7,38	  -46,21	    6,76	  -58,61	 -386,80	  -34,45	    2,48	   10,52	 -487,07	  112,72	   34,44	   -2,48	  -10,52	  487,09	 -112,69	 -125,26	   19,02	   -4,52	  148,31	  539,60	  125,24	  -19,01	    4,51	 -148,24	 -539,54	 -139,91	   14,59	   21,48	-1038,73	  512,14	  -20,03	   -3,63	   26,07	-1190,71	   -1,95	  139,91	  -14,59	  -21,48	 1038,53	 -512,13	   -0,00	   20,04	    3,62	  -26,07	 1190,66	    1,92	    0,00
 P119	   -0,22	   -1,04	   11,60	   -7,62	    1,64	   -4,22	  -19,50	  -12,41	    0,10	    0,06	   -0,14	    0,22	   12,40	   -0,10	   -0,06	    0,14	   -0,22	  -83,29	    3,05	   -0,65	    2,70	   12,43	   83,28	   -3,05	    0,65	   -2,70	  -12,43	  -68,08	    1,67	   -0,18	    0,96	    6,34	   10,81	   -1,23	    0,45	   -1,61	   -5,45	   68,08	   -1,67	    0,18	   -0,96	   -6,34	   -0,00	  -10,81	    1,23	   -0,45	    1,61	    5,45	   -0,00
 P120	   -0,25	   -1,03	   11,10	   -8,36	    1,82	   -4,62	  -21,22	    0,24	    0,08	    0,06	   -0,14	    0,17	   -0,25	   -0,08	   -0,06	    0,14	   -0,17	  -76,83	    3,23	   -0,70	    2,75	   12,61	   76,82	   -3,23	    0,70	   -2,75	  -12,61	  -35,79	    1,69	   -0,20	    0,97	    6,29	   36,90	   -1,36	    0,46	   -1,63	   -5,62	   35,80	   -1,69	    0,20	   -0,97	   -6,30	   -0,00	  -36,89	    1,36	   -0,46	    1,63	    5,61	   -0,00
 P121	   -5,11	  -18,51	  -17,43	  -56,38	   12,04	  -56,75	 -262,39	   24,53	    0,40	    0,56	   -1,53	    0,51	  -24,52	   -0,40	   -0,56	    1,53	   -0,50	   47,39	   16,79	   -3,55	   46,28	  212,91	  -47,38	  -16,79	    3,55	  -46,28	 -212,89	   79,62	    8,72	   -0,40	   18,09	  100,29	   34,47	   -7,02	    2,94	  -25,27	  -99,05	  -79,61	   -8,72	    0,40	  -18,10	 -100,30	   -0,00	  -34,48	    7,02	   -2,94	   25,27	   99,03	   -0,00
 P122	   -2,50	  -20,71	   -5,28	  -74,16	   15,78	  -76,21	 -353,70	  -17,49	    0,06	    0,64	   -1,98	   -1,35	   17,49	   -0,06	   -0,64	    1,98	    1,36	   42,81	   16,99	   -3,79	   50,35	  230,73	  -42,80	  -16,99	    3,79	  -50,34	 -230,70	  -21,46	    7,93	   -0,30	   18,65	  102,87	  -59,69	   -7,70	    3,20	  -27,68	 -109,28	   21,45	   -7,93	    0,30	  -18,66	 -102,88	   -0,00	   59,69	    7,69	   -3,20	   27,67	  109,26	   -0,00
 P123	   -0,18	   -1,03	   15,65	  -13,01	    2,80	   -7,03	  -32,56	    2,12	    0,01	    0,07	   -0,18	   -0,05	   -2,13	   -0,01	   -0,07	    0,18	    0,05	  -73,52	    3,27	   -0,71	    2,77	   12,74	   73,51	   -3,27	    0,71	   -2,77	  -12,74	  -28,37	    1,53	   -0,17	    0,85	    5,72	   38,24	   -1,46	    0,48	   -1,69	   -5,93	   28,37	   -1,53	    0,17	   -0,85	   -5,72	   -0,00	  -38,24	    1,46	   -0,48	    1,69	    5,93	   -0,00
 P124	   -0,21	   -1,11	   23,81	  -13,18	    2,89	   -7,33	  -33,59	   16,66	   -0,03	    0,09	   -0,22	   -0,12	  -16,66	    0,03	   -0,09	    0,22	    0,12	  -87,13	    3,13	   -0,70	    2,78	   12,65	   87,12	   -3,13	    0,70	   -2,78	  -12,65	   -1,07	    1,35	   -0,11	    0,78	    5,49	   77,96	   -1,49	    0,53	   -1,75	   -6,02	    1,08	   -1,35	    0,11	   -0,78	   -5,49	   -0,00	  -77,95	    1,49	   -0,53	    1,75	    6,02	   -0,00
 P125	  103,26	  -84,78	   -6,13	 -110,02	   14,92	 -215,70	 -857,22	   11,18	    2,10	   11,20	 -810,98	  166,73	  -11,18	   -2,10	  -11,21	  811,02	 -166,73	 -127,16	   22,54	   -4,28	  201,22	  562,87	  127,15	  -22,54	    4,28	 -201,10	 -562,84	  -31,67	   14,88	   23,19	-1754,75	  634,00	   82,43	   -5,31	   27,36	-1955,22	  130,90	   31,67	  -14,88	  -23,19	 1754,43	 -633,94	   -0,00	  -82,42	    5,31	  -27,36	 1955,15	 -130,94	   -0,00
 P126	    0,11	   -0,39	    1,52	   -6,29	    1,24	   -3,12	  -14,15	   -3,67	    0,25	    0,97	   -2,80	    0,62	    3,67	   -0,25	   -0,97	    2,80	   -0,62	  -55,80	    1,44	   -0,38	    1,09	    4,26	   55,80	   -1,44	    0,38	   -1,09	   -4,26	  -33,30	    1,20	    2,01	   -5,84	    3,29	   15,64	   -0,07	    2,36	   -6,84	   -0,47	   33,29	   -1,20	   -2,01	    5,84	   -3,29	    0,00	  -15,63	    0,07	   -2,36	    6,84	    0,47	   -0,00
 P127	    1,19	   -0,01	   -4,27	   -0,67	    1,23	   -5,81	   -1,29	    5,04	    1,02	    4,61	  -15,66	    3,44	   -5,04	   -1,02	   -4,61	   15,66	   -3,44	   72,45	    0,36	    0,01	    0,82	    1,54	  -72,44	   -0,36	   -0,01	   -0,81	   -1,54	   46,08	    2,45	   10,38	  -35,11	    8,53	  -22,74	    2,12	   10,42	  -35,85	    7,04	  -46,09	   -2,45	  -10,38	   35,11	   -8,53	   -0,00	   22,74	   -2,12	  -10,42	   35,85	   -7,04	    0,00
 P128	    3,21	   -0,61	   20,75	   -2,05	    1,94	  -15,41	   -2,49	    7,19	    1,59	    7,15	  -35,26	    7,71	   -7,20	   -1,59	   -7,15	   35,26	   -7,71	 -121,37	    0,98	    0,11	    2,15	    2,56	  121,35	   -0,98	   -0,11	   -2,15	   -2,57	  -39,50	    4,03	   16,13	  -79,20	   18,74	   73,26	    3,13	   16,10	  -80,96	   16,28	   39,51	   -4,03	  -16,13	   79,18	  -18,73	   -0,00	  -73,26	   -3,13	  -16,10	   80,95	  -16,28	   -0,00
 P129	    1,80	   -0,22	    5,90	   -0,97	    4,08	  -14,17	   -2,01	   -2,88	    1,28	    5,91	  -24,75	    5,36	    2,87	   -1,28	   -5,91	   24,75	   -5,36	  -94,23	    0,35	   -0,24	    1,51	    1,78	   94,21	   -0,35	    0,24	   -1,51	   -1,78	  -50,02	    3,04	   13,19	  -55,50	   13,00	   36,47	    2,72	   13,47	  -56,78	   11,33	   50,02	   -3,04	  -13,19	   55,49	  -13,00	   -0,00	  -36,46	   -2,72	  -13,47	   56,78	  -11,33	   -0,00
 P130	    1,39	   -0,05	   -2,83	   -1,42	    2,81	   -7,69	   -3,66	   -5,98	    1,03	    4,75	  -15,93	    3,44	    5,98	   -1,03	   -4,75	   15,93	   -3,44	   30,53	    0,25	   -0,74	    1,65	    1,48	  -30,53	   -0,25	    0,74	   -1,64	   -1,48	   -0,06	    2,42	   10,36	  -35,34	    8,45	  -27,96	    2,21	   11,09	  -36,83	    7,12	    0,05	   -2,42	  -10,35	   35,33	   -8,45	    0,00	   27,96	   -2,21	  -11,09	   36,83	   -7,12	   -0,00
 P132	   -0,40	   -4,73	    4,83	  -18,30	    4,08	  -12,07	  -54,30	    7,18	   -0,15	    0,23	   -0,41	    0,53	   -7,17	    0,15	   -0,23	    0,41	   -0,53	    9,72	    9,67	   -2,13	   12,05	   55,14	   -9,72	   -9,67	    2,13	  -12,05	  -55,14	   21,77	    4,27	   -0,49	    4,82	   27,49	   12,00	   -5,09	    1,57	   -6,82	  -25,76	  -21,76	   -4,28	    0,49	   -4,82	  -27,49	   -0,00	  -12,00	    5,09	   -1,57	    6,81	   25,76	    0,00
 P133	   -1,38	   -6,69	   -6,52	  -32,16	    7,11	  -23,90	 -108,33	   -2,69	    0,38	    0,19	   -0,47	    0,90	    2,70	   -0,38	   -0,19	    0,47	   -0,90	  102,20	   11,02	   -2,40	   17,70	   81,23	 -102,18	  -11,02	    2,40	  -17,70	  -81,22	   42,18	    6,04	   -0,70	    7,24	   40,16	  -54,77	   -4,41	    1,57	   -9,51	  -36,69	  -42,19	   -6,04	    0,70	   -7,24	  -40,16	   -0,00	   54,76	    4,41	   -1,57	    9,50	   36,69	   -0,00
 P134	   -1,47	   -6,46	   -8,79	  -50,26	   11,10	  -37,10	 -168,59	   -2,33	   -0,29	    0,33	   -0,89	   -1,02	    2,33	    0,29	   -0,33	    0,89	    1,03	   93,44	   11,44	   -2,48	   17,89	   82,14	  -93,43	  -11,44	    2,48	  -17,89	  -82,13	   36,84	    4,55	   -0,38	    6,15	   35,15	  -47,48	   -5,87	    1,88	  -10,16	  -39,75	  -36,84	   -4,55	    0,38	   -6,15	  -35,15	   -0,00	   47,47	    5,87	   -1,88	   10,16	   39,75	   -0,00
 P135	    1,63	    0,86	    3,90	   -2,34	    5,57	  -15,85	   -4,10	   -7,93	    0,85	    3,83	  -12,82	    2,79	    7,93	   -0,85	   -3,83	   12,82	   -2,79	  -15,43	    0,69	   -1,03	    2,15	    1,86	   15,43	   -0,69	    1,03	   -2,15	   -1,86	  -25,63	    2,21	    8,19	  -28,17	    7,16	  -11,66	    1,61	    9,11	  -29,84	    5,47	   25,62	   -2,21	   -8,19	   28,17	   -7,16	    0,00	   11,66	   -1,61	   -9,10	   29,84	   -5,47	    0,00
 P136	   -0,09	   -0,75	    2,10	  -31,29	    6,99	  -21,30	  -95,48	   -1,51	    0,06	    0,16	   -0,49	    0,03	    1,51	   -0,06	   -0,16	    0,49	   -0,02	  -53,29	    8,60	   -1,88	   11,16	   51,20	   53,29	   -8,59	    1,88	  -11,16	  -51,19	  -28,18	    4,10	   -0,51	    4,05	   23,75	   21,06	   -3,89	    1,23	   -6,31	  -23,82	   28,18	   -4,10	    0,51	   -4,05	  -23,75	   -0,00	  -21,05	    3,89	   -1,23	    6,31	   23,82	   -0,00
 P137	   -8,87	  -39,08	   35,14	 -115,70	   26,70	 -157,86	 -707,97	  -18,77	    0,34	    0,89	   -4,65	   -8,02	   18,76	   -0,34	   -0,89	    4,65	    8,03	 -222,07	   23,40	   -5,25	   94,52	  432,49	  222,05	  -23,40	    5,25	  -94,51	 -432,45	 -143,24	   11,27	   -0,36	   31,97	  176,40	   54,33	   -9,62	    4,33	  -52,64	 -211,02	  143,23	  -11,27	    0,36	  -31,97	 -176,39	    0,00	  -54,31	    9,62	   -4,33	   52,63	  210,98	    0,00
 P138	   -0,11	    0,69	    1,38	   -7,42	    1,84	   -5,12	  -20,57	   -1,83	    0,07	    0,16	   -0,48	    0,18	    1,83	   -0,07	   -0,16	    0,48	   -0,18	  -32,61	    2,24	   -0,49	    2,44	   11,10	   32,60	   -2,24	    0,49	   -2,44	  -11,10	  -19,58	    1,21	    0,13	    0,05	    5,59	   11,04	   -0,89	    0,59	   -2,22	   -4,83	   19,59	   -1,21	   -0,13	   -0,05	   -5,59	   -0,00	  -11,04	    0,89	   -0,59	    2,22	    4,83	   -0,00
 P139	    0,51	    0,86	    3,56	   -9,12	    2,19	   -6,17	  -25,55	    1,34	   -0,04	    0,18	   -0,53	   -0,06	   -1,34	    0,04	   -0,18	    0,53	    0,06	  -46,73	    2,18	   -0,47	    2,41	   11,04	   46,72	   -2,18	    0,47	   -2,41	  -11,04	  -18,19	    0,92	    0,20	   -0,11	    4,93	   24,29	   -1,09	    0,63	   -2,31	   -5,22	   18,19	   -0,92	   -0,20	    0,11	   -4,93	   -0,00	  -24,28	    1,09	   -0,63	    2,31	    5,22	   -0,00
 P140	   -0,09	    0,72	    4,50	  -11,91	    2,98	   -7,91	  -32,04	   -1,44	   -0,03	    0,17	   -0,53	   -0,10	    1,44	    0,03	   -0,17	    0,53	    0,10	  -48,50	    2,51	   -0,60	    2,64	   11,61	   48,50	   -2,51	    0,60	   -2,64	  -11,61	  -25,30	    1,08	    0,12	   -0,01	    5,03	   18,29	   -1,19	    0,66	   -2,38	   -5,46	   25,30	   -1,08	   -0,12	    0,01	   -5,03	    0,00	  -18,29	    1,19	   -0,66	    2,38	    5,46	   -0,00
 P142	   -3,40	  -21,39	    7,86	  -32,15	    7,50	  -31,74	 -138,83	    7,31	   -0,21	    0,53	   -0,80	    2,92	   -7,32	    0,21	   -0,53	    0,80	   -2,91	 -253,77	   15,90	   -3,50	   40,36	  185,10	  253,72	  -15,90	    3,50	  -40,35	 -185,08	 -106,66	    7,10	   -0,47	   17,42	   94,86	  142,69	   -8,30	    2,91	  -21,48	  -83,76	  106,69	   -7,10	    0,47	  -17,42	  -94,87	   -0,00	 -142,67	    8,30	   -2,91	   21,48	   83,75	   -0,00
 P143	   -1,83	   -9,11	    1,85	  -30,98	    7,24	  -25,82	 -112,01	    5,84	    0,44	    0,30	   -0,85	    1,49	   -5,84	   -0,44	   -0,30	    0,85	   -1,49	  -45,23	   12,50	   -2,74	   22,67	  103,92	   45,22	  -12,50	    2,74	  -22,66	 -103,91	   -7,84	    6,91	   -0,61	    8,77	   52,48	   35,23	   -5,07	    2,01	  -12,83	  -46,71	    7,84	   -6,91	    0,61	   -8,77	  -52,49	   -0,00	  -35,23	    5,07	   -2,01	   12,83	   46,70	   -0,00
 P144	   -2,95	  -13,99	   10,64	  -41,17	    9,27	  -35,91	 -160,88	   -0,88	    0,44	    0,15	   -0,47	    1,19	    0,87	   -0,44	   -0,15	    0,47	   -1,19	 -198,15	   14,21	   -3,10	   29,57	  135,64	  198,12	  -14,21	    3,10	  -29,56	 -135,62	  -95,71	    7,65	   -1,11	   12,81	   66,36	   91,89	   -5,82	    1,83	  -15,14	  -61,95	   95,72	   -7,65	    1,11	  -12,81	  -66,36	   -0,00	  -91,88	    5,82	   -1,83	   15,14	   61,94	   -0,00
 P145	   -2,11	   -9,87	   16,37	  -59,01	   14,19	  -50,34	 -216,28	   -2,24	   -0,29	    0,64	   -2,01	   -1,13	    2,23	    0,29	   -0,64	    2,01	    1,13	 -248,67	   13,59	   -3,20	   25,05	  113,01	  248,64	  -13,59	    3,20	  -25,04	 -113,00	 -118,15	    5,54	   -0,00	    6,85	   49,00	  106,70	   -6,84	    2,90	  -15,94	  -54,07	  118,15	   -5,54	    0,00	   -6,85	  -49,00	    0,00	 -106,68	    6,84	   -2,90	   15,93	   54,06	   -0,00
 P501	   -0,36	   -0,31	    1,96	   -0,20	    0,28	   -0,84	   -0,32	    1,29	    0,05	    0,21	   -0,55	    0,12	   -1,29	   -0,05	   -0,21	    0,55	   -0,12	   -1,51	    0,16	   -0,02	    0,07	    0,38	    1,51	   -0,16	    0,02	   -0,07	   -0,38	    2,30	    0,19	    0,47	   -1,23	    0,47	    3,57	    0,02	    0,47	   -1,25	    0,08	   -2,30	   -0,19	   -0,47	    1,23	   -0,47	   -0,00	   -3,57	   -0,02	   -0,47	    1,25	   -0,08	   -0,00
 P502	   -0,00	    0,35	    2,24	   -1,74	    0,40	   -0,79	   -3,43	    3,43	    0,02	    0,05	   -0,09	    0,05	   -3,43	   -0,02	   -0,05	    0,09	   -0,05	    1,15	    0,76	   -0,17	    0,49	    2,22	   -1,15	   -0,76	    0,17	   -0,49	   -2,22	    8,54	    0,41	    0,02	    0,03	    1,19	    7,07	   -0,35	    0,19	   -0,45	   -1,00	   -8,54	   -0,41	   -0,02	   -0,03	   -1,20	   -0,00	   -7,07	    0,35	   -0,19	    0,45	    1,00	   -0,00
 P504	   -0,29	   -0,32	   -0,96	   -0,03	    0,43	   -1,06	   -0,06	   -0,66	    0,06	    0,27	   -0,62	    0,13	    0,66	   -0,06	   -0,27	    0,62	   -0,13	   -0,19	    0,06	    0,00	    0,05	    0,27	    0,19	   -0,06	   -0,00	   -0,05	   -0,27	   -1,64	    0,16	    0,61	   -1,40	    0,44	   -1,34	    0,09	    0,59	   -1,39	    0,16	    1,64	   -0,16	   -0,61	    1,40	   -0,44	   -0,00	    1,34	   -0,09	   -0,59	    1,39	   -0,16	    0,00
 P506	   -1,53	    1,85	    0,09	   -1,38	    0,55	  -10,00	   -1,41	    4,70	    0,57	    2,67	  -13,59	    2,97	   -4,71	   -0,57	   -2,67	   13,59	   -2,97	  -33,29	    0,66	    0,20	    0,78	    2,92	   33,28	   -0,66	   -0,20	   -0,78	   -2,92	   -5,10	    1,59	    6,12	  -30,71	    8,22	   27,31	    0,93	    5,87	  -30,75	    5,19	    5,10	   -1,59	   -6,12	   30,71	   -8,22	   -0,00	  -27,31	   -0,93	   -5,87	   30,75	   -5,19	    0,00
 P508	   -1,22	    0,31	    0,12	   -0,38	    0,63	   -2,06	   -0,77	    2,98	    0,29	    1,38	   -4,13	    0,90	   -2,98	   -0,29	   -1,38	    4,13	   -0,90	  -11,95	    0,21	   -0,09	    0,33	    0,97	   11,95	   -0,21	    0,09	   -0,33	   -0,97	    1,14	    0,75	    3,07	   -9,21	    2,50	   12,83	    0,55	    3,16	   -9,50	    1,54	   -1,14	   -0,75	   -3,07	    9,21	   -2,50	   -0,00	  -12,83	   -0,55	   -3,16	    9,50	   -1,54	    0,00
 P509	   -1,10	    0,20	   -0,19	   -0,70	   -0,73	    1,30	   -1,56	    5,79	    0,29	    1,39	   -4,12	    0,89	   -5,79	   -0,29	   -1,39	    4,12	   -0,89	    0,15	    0,22	   -0,00	    0,26	    0,98	   -0,16	   -0,22	    0,00	   -0,26	   -0,98	   13,60	    0,76	    3,13	   -9,18	    2,48	   13,42	    0,55	    3,16	   -9,49	    1,54	  -13,60	   -0,76	   -3,13	    9,17	   -2,48	   -0,00	  -13,42	   -0,55	   -3,16	    9,49	   -1,54	   -0,00
 P510	   -1,32	    0,15	   -0,54	   -0,70	   -0,34	    1,10	   -1,69	    2,69	    0,30	    1,40	   -4,13	    0,90	   -2,69	   -0,30	   -1,40	    4,13	   -0,90	   12,59	    0,21	   -0,00	    0,24	    0,97	  -12,59	   -0,21	    0,00	   -0,23	   -0,97	   12,45	    0,77	    3,14	   -9,19	    2,50	    0,09	    0,57	    3,19	   -9,56	    1,58	  -12,45	   -0,77	   -3,14	    9,18	   -2,50	   -0,00	   -0,09	   -0,57	   -3,19	    9,56	   -1,58	   -0,00
 P511	    0,77	   -0,87	    1,39	   -2,57	    0,79	   26,83	  -11,78	    3,70	    1,17	    5,48	  -48,18	   10,50	   -3,70	   -1,17	   -5,48	   48,18	  -10,50	   34,10	    0,37	   -0,81	   -1,78	    3,25	  -34,09	   -0,37	    0,81	    1,79	   -3,25	   25,34	    2,78	   11,80	 -109,03	   25,14	   -8,05	    2,50	   12,98	 -111,40	   22,84	  -25,34	   -2,78	  -11,79	  109,01	  -25,13	   -0,00	    8,05	   -2,50	  -12,98	  111,40	  -22,84	   -0,00
 P512	   -1,16	   -0,11	    0,14	   -0,02	    0,58	   -1,39	   -0,06	   -0,25	    0,06	    0,27	   -0,63	    0,14	    0,25	   -0,06	   -0,27	    0,63	   -0,14	   -2,55	    0,07	   -0,04	    0,09	    0,28	    2,55	   -0,07	    0,04	   -0,09	   -0,28	   -1,82	    0,16	    0,59	   -1,41	    0,45	    0,70	    0,09	    0,61	   -1,44	    0,17	    1,82	   -0,16	   -0,59	    1,41	   -0,45	   -0,00	   -0,70	   -0,09	   -0,61	    1,44	   -0,17	    0,00
 P515	    0,28	   -0,41	    0,95	   -0,01	    0,74	   -1,69	   -0,07	    0,22	    0,06	    0,28	   -0,66	    0,14	   -0,23	   -0,06	   -0,28	    0,66	   -0,14	   -2,85	    0,07	   -0,03	    0,09	    0,27	    2,85	   -0,07	    0,03	   -0,09	   -0,27	   -0,82	    0,17	    0,64	   -1,48	    0,46	    1,86	    0,10	    0,64	   -1,50	    0,19	    0,82	   -0,17	   -0,64	    1,48	   -0,46	   -0,00	   -1,86	   -0,10	   -0,64	    1,50	   -0,19	   -0,00
 P516	    0,16	   -0,14	   -0,05	   -7,20	    1,56	   -3,26	  -15,32	   -0,03	    0,04	    0,02	   -0,07	    0,11	    0,03	   -0,03	   -0,02	    0,08	   -0,11	   -1,84	    1,20	   -0,26	    1,08	    4,99	    1,84	   -1,20	    0,26	   -1,08	   -4,99	   -0,95	    0,65	   -0,07	    0,35	    2,62	    0,83	   -0,51	    0,18	   -0,71	   -2,20	    0,95	   -0,65	    0,07	   -0,35	   -2,62	   -0,00	   -0,83	    0,51	   -0,18	    0,71	    2,20	    0,00
 P518	   -0,25	   -0,32	    0,74	   -0,03	    0,82	   -1,85	   -0,12	   -0,18	    0,06	    0,29	   -0,68	    0,15	    0,18	   -0,06	   -0,29	    0,68	   -0,15	   -3,11	    0,08	   -0,01	    0,08	    0,28	    3,11	   -0,08	    0,01	   -0,07	   -0,28	   -1,89	    0,18	    0,67	   -1,52	    0,47	    1,06	    0,10	    0,66	   -1,53	    0,19	    1,89	   -0,18	   -0,67	    1,52	   -0,47	   -0,00	   -1,06	   -0,10	   -0,66	    1,53	   -0,19	   -0,00
 P519	   -0,14	   -0,48	    1,18	   -4,22	    0,95	   -2,09	   -9,55	   -0,01	    0,06	    0,02	   -0,08	    0,12	    0,01	   -0,06	   -0,02	    0,08	   -0,12	   -1,82	    1,24	   -0,26	    1,09	    5,06	    1,81	   -1,24	    0,26	   -1,09	   -5,06	   -0,87	    0,71	   -0,07	    0,34	    2,66	    0,85	   -0,47	    0,18	   -0,71	   -2,16	    0,88	   -0,71	    0,07	   -0,34	   -2,66	   -0,00	   -0,85	    0,47	   -0,18	    0,71	    2,16	   -0,00
 P521	   -0,01	    0,14	    1,74	   -7,88	    1,71	   -3,68	  -17,23	    0,00	    0,03	    0,03	   -0,09	    0,06	   -0,00	   -0,03	   -0,03	    0,09	   -0,06	   -1,57	    1,20	   -0,25	    1,07	    5,00	    1,57	   -1,20	    0,25	   -1,07	   -5,00	   -0,73	    0,62	   -0,05	    0,30	    2,47	    0,74	   -0,50	    0,19	   -0,72	   -2,22	    0,73	   -0,62	    0,05	   -0,30	   -2,47	   -0,00	   -0,74	    0,50	   -0,19	    0,72	    2,22	   -0,00
 P522	    1,88	   -0,92	    0,09	   -0,10	    0,76	   -1,83	   -0,26	   -0,41	    0,06	    0,25	   -0,63	    0,14	    0,41	   -0,06	   -0,25	    0,63	   -0,14	   -1,53	    0,09	   -0,02	    0,10	    0,29	    1,53	   -0,09	    0,02	   -0,10	   -0,29	   -1,66	    0,17	    0,57	   -1,40	    0,45	   -0,18	    0,08	    0,57	   -1,44	    0,17	    1,66	   -0,17	   -0,57	    1,40	   -0,45	   -0,00	    0,18	   -0,08	   -0,57	    1,44	   -0,17	   -0,00
 P524	    0,02	   -1,13	    0,21	   -1,50	    0,16	   -0,42	   -4,14	    0,11	    0,02	    0,03	   -0,08	    0,08	   -0,11	   -0,02	   -0,03	    0,08	   -0,08	   -0,82	    0,38	   -0,02	    0,07	    1,78	    0,82	   -0,38	    0,02	   -0,07	   -1,78	   -0,12	    0,23	    0,05	   -0,15	    1,00	    0,62	   -0,12	    0,07	   -0,21	   -0,63	    0,12	   -0,23	   -0,05	    0,15	   -1,00	   -0,00	   -0,62	    0,12	   -0,07	    0,21	    0,63	   -0,00
 P525	   -0,06	    0,02	    3,63	   -0,26	    1,72	   -3,84	   -0,65	    1,13	    0,01	    0,28	   -0,67	    0,02	   -1,13	   -0,01	   -0,28	    0,67	   -0,02	   -2,93	    0,09	   -0,23	    0,63	    0,30	    2,93	   -0,09	    0,23	   -0,63	   -0,30	    1,33	    0,07	    0,54	   -1,26	    0,19	    3,79	   -0,01	    0,73	   -1,75	   -0,09	   -1,33	   -0,07	   -0,54	    1,26	   -0,19	   -0,00	   -3,79	    0,01	   -0,73	    1,75	    0,09	   -0,00
 P526	    0,04	   -0,06	    2,06	   -5,94	    1,28	   -2,89	  -13,67	    0,01	    0,01	    0,03	   -0,10	    0,01	   -0,01	   -0,01	   -0,03	    0,10	   -0,01	   -1,58	    1,28	   -0,27	    1,09	    5,13	    1,58	   -1,28	    0,27	   -1,09	   -5,13	   -0,70	    0,61	   -0,05	    0,28	    2,39	    0,75	   -0,57	    0,20	   -0,75	   -2,35	    0,70	   -0,61	    0,05	   -0,28	   -2,39	   -0,00	   -0,75	    0,57	   -0,20	    0,75	    2,35	   -0,00
 P527	   -0,06	    0,01	   -1,63	   -0,23	    1,94	   -4,10	   -0,66	   -0,59	    0,02	    0,33	   -0,72	    0,03	    0,59	   -0,02	   -0,33	    0,72	   -0,03	    0,64	    0,06	   -0,28	    0,68	    0,27	   -0,64	   -0,06	    0,28	   -0,68	   -0,27	   -1,11	    0,06	    0,63	   -1,35	    0,18	   -1,59	    0,01	    0,84	   -1,88	   -0,07	    1,11	   -0,06	   -0,63	    1,35	   -0,18	   -0,00	    1,59	   -0,01	   -0,84	    1,88	    0,07	   -0,00
 P528	   -0,00	   -0,97	   -0,14	   -1,76	    0,16	   -0,42	   -4,82	    0,01	    0,02	    0,03	   -0,08	    0,08	   -0,01	   -0,02	   -0,03	    0,08	   -0,08	   -0,06	    0,42	   -0,02	    0,07	    1,84	    0,06	   -0,42	    0,02	   -0,07	   -1,84	    0,00	    0,24	    0,05	   -0,15	    1,02	    0,06	   -0,14	    0,07	   -0,21	   -0,66	   -0,00	   -0,24	   -0,05	    0,15	   -1,02	   -0,00	   -0,06	    0,14	   -0,07	    0,21	    0,66	   -0,00
 P529	   -0,07	   -0,32	    2,24	   -6,28	    1,25	   -2,93	  -14,80	    0,02	   -0,00	    0,04	   -0,11	   -0,03	   -0,02	    0,00	   -0,04	    0,11	    0,03	   -1,61	    1,35	   -0,28	    1,12	    5,25	    1,61	   -1,35	    0,28	   -1,12	   -5,25	   -0,70	    0,61	   -0,04	    0,26	    2,33	    0,77	   -0,62	    0,21	   -0,77	   -2,45	    0,70	   -0,61	    0,04	   -0,26	   -2,33	   -0,00	   -0,77	    0,62	   -0,21	    0,77	    2,45	   -0,00
 P530	    0,08	   -0,76	   -1,84	   -2,70	    0,16	   -0,43	   -6,31	    0,22	    0,03	    0,03	   -0,08	    0,08	   -0,22	   -0,03	   -0,03	    0,08	   -0,08	    1,46	    0,75	   -0,02	    0,07	    2,25	   -1,46	   -0,75	    0,02	   -0,07	   -2,25	    1,05	    0,42	    0,05	   -0,15	    1,21	   -0,26	   -0,26	    0,06	   -0,21	   -0,82	   -1,05	   -0,42	   -0,05	    0,15	   -1,21	   -0,00	    0,26	    0,26	   -0,06	    0,21	    0,82	   -0,00
 P531	    0,35	   -0,20	    2,74	   -0,52	    1,91	   -4,26	   -1,07	   -0,04	    0,02	    0,28	   -0,66	    0,03	    0,04	   -0,02	   -0,28	    0,66	   -0,03	   -4,02	    0,18	   -0,26	    0,69	    0,41	    4,02	   -0,18	    0,26	   -0,69	   -0,41	   -2,03	    0,12	    0,52	   -1,21	    0,24	    1,65	   -0,05	    0,72	   -1,75	   -0,13	    2,03	   -0,12	   -0,52	    1,21	   -0,24	   -0,00	   -1,64	    0,05	   -0,72	    1,75	    0,13	   -0,00
 P532	    0,00	    0,43	    1,25	  -10,87	    2,25	   -5,14	  -24,92	    0,05	   -0,02	    0,04	   -0,12	   -0,07	   -0,05	    0,02	   -0,04	    0,12	    0,07	   -0,24	    1,37	   -0,28	    1,14	    5,34	    0,24	   -1,37	    0,28	   -1,14	   -5,34	   -0,01	    0,58	   -0,04	    0,25	    2,25	    0,23	   -0,65	    0,22	   -0,79	   -2,54	    0,01	   -0,58	    0,04	   -0,25	   -2,25	   -0,00	   -0,23	    0,65	   -0,22	    0,79	    2,54	   -0,00
 P533	   -1,35	   -3,25	   -0,57	   -9,91	    0,72	   -1,57	  -23,57	    0,38	    0,12	    0,08	   -0,23	    0,29	   -0,38	   -0,12	   -0,08	    0,23	   -0,29	    0,25	    2,27	   -0,15	    0,33	    7,42	   -0,25	   -2,27	    0,15	   -0,33	   -7,42	    0,84	    1,29	    0,12	   -0,39	    3,98	    0,67	   -0,72	    0,25	   -0,66	   -2,61	   -0,84	   -1,29	   -0,12	    0,39	   -3,98	   -0,00	   -0,67	    0,72	   -0,25	    0,66	    2,61	   -0,00
 P534	    0,30	    0,22	    2,43	  -11,25	    2,31	   -5,37	  -26,31	    0,10	   -0,03	    0,04	   -0,13	   -0,11	   -0,10	    0,03	   -0,04	    0,13	    0,11	   -2,79	    1,55	   -0,32	    1,20	    5,65	    2,79	   -1,55	    0,32	   -1,20	   -5,64	   -1,01	    0,62	   -0,05	    0,25	    2,26	    1,47	   -0,75	    0,24	   -0,82	   -2,73	    1,01	   -0,62	    0,05	   -0,25	   -2,26	   -0,00	   -1,47	    0,75	   -0,24	    0,82	    2,73	   -0,00
 P901	   -0,04	    0,02	    0,30	   -1,39	   -3,08	    1,53	   -1,71	    0,07	    0,02	    0,04	   -0,15	    0,06	   -0,07	   -0,02	   -0,04	    0,15	   -0,06	   -0,28	    0,64	   -0,13	    0,25	    1,19	    0,28	   -0,64	    0,13	   -0,25	   -1,19	    0,04	    0,37	    0,03	   -0,22	    0,72	    0,31	   -0,27	    0,16	   -0,47	   -0,47	   -0,04	   -0,37	   -0,03	    0,22	   -0,72	   -0,00	   -0,31	    0,27	   -0,16	    0,47	    0,47	   -0,00
 P902	   -0,07	   -0,08	    0,16	   -1,81	   -5,40	    2,82	   -1,90	    0,84	    0,02	    0,06	   -0,17	    0,05	   -0,84	   -0,02	   -0,06	    0,17	   -0,05	   -1,93	    0,53	   -0,12	    0,24	    1,06	    1,93	   -0,53	    0,12	   -0,24	   -1,06	    0,99	    0,30	    0,08	   -0,27	    0,64	    2,90	   -0,22	    0,19	   -0,51	   -0,41	   -0,99	   -0,30	   -0,08	    0,27	   -0,64	    0,00	   -2,90	    0,22	   -0,19	    0,51	    0,41	    0,00
 P903	   -0,06	   -0,07	    0,17	   -1,82	   -5,42	    2,86	   -1,92	    0,74	    0,03	    0,06	   -0,17	    0,06	   -0,74	   -0,03	   -0,06	    0,17	   -0,06	    1,87	    0,53	   -0,12	    0,23	    1,06	   -1,87	   -0,53	    0,12	   -0,23	   -1,06	    2,61	    0,32	    0,07	   -0,26	    0,66	    0,77	   -0,20	    0,19	   -0,50	   -0,39	   -2,61	   -0,32	   -0,07	    0,26	   -0,66	   -0,00	   -0,77	    0,20	   -0,19	    0,50	    0,39	   -0,00
 P904	   -0,02	   -0,05	    0,05	   -1,84	   -5,48	    2,94	   -1,96	   -0,11	    0,02	    0,04	   -0,15	    0,06	    0,11	   -0,02	   -0,04	    0,15	   -0,06	    0,54	    0,53	   -0,12	    0,23	    1,07	   -0,54	   -0,53	    0,12	   -0,23	   -1,07	    0,01	    0,31	    0,04	   -0,22	    0,65	   -0,54	   -0,21	    0,16	   -0,46	   -0,41	   -0,01	   -0,31	   -0,04	    0,22	   -0,65	   -0,00	    0,54	    0,21	   -0,16	    0,46	    0,41	   -0,00
 P905	   -0,03	   -0,09	   -0,24	   -1,82	   -5,36	    2,92	   -1,96	    0,35	    0,01	    0,04	   -0,15	    0,05	   -0,35	   -0,01	   -0,04	    0,15	   -0,05	   -1,05	    0,53	   -0,12	    0,23	    1,07	    1,05	   -0,53	    0,12	   -0,23	   -1,07	    0,27	    0,29	    0,04	   -0,23	    0,63	    1,35	   -0,24	    0,16	   -0,47	   -0,43	   -0,27	   -0,29	   -0,04	    0,23	   -0,63	   -0,00	   -1,35	    0,24	   -0,16	    0,47	    0,43	   -0,00
 P906	   -0,05	   -0,09	   -2,83	   -1,83	   -5,42	    2,91	   -1,97	    4,41	    0,01	    0,08	   -0,19	    0,04	   -4,41	   -0,01	   -0,08	    0,19	   -0,04	   -3,12	    0,52	   -0,11	    0,22	    1,06	    3,11	   -0,52	    0,11	   -0,22	   -1,06	    8,40	    0,28	    0,13	   -0,32	    0,61	   11,93	   -0,24	    0,24	   -0,55	   -0,44	   -8,39	   -0,28	   -0,13	    0,32	   -0,61	   -0,00	  -11,93	    0,24	   -0,24	    0,55	    0,44	   -0,00
 P907	   -0,03	   -0,07	   -1,29	   -1,90	   -5,56	    2,94	   -2,02	    2,14	    0,04	    0,05	   -0,16	    0,07	   -2,14	   -0,04	   -0,05	    0,16	   -0,07	    0,87	    0,53	   -0,11	    0,22	    1,07	   -0,87	   -0,53	    0,11	   -0,22	   -1,07	    5,25	    0,34	    0,06	   -0,24	    0,69	    4,60	   -0,18	    0,18	   -0,48	   -0,37	   -5,24	   -0,34	   -0,06	    0,24	   -0,69	   -0,00	   -4,60	    0,18	   -0,18	    0,48	    0,37	   -0,00
 P908	   -0,04	   -0,09	   -0,06	   -1,72	   -4,75	    2,44	   -1,91	   -0,12	    0,02	    0,04	   -0,15	    0,05	    0,12	   -0,02	   -0,04	    0,15	   -0,05	    0,22	    0,52	   -0,11	    0,22	    1,06	   -0,22	   -0,52	    0,11	   -0,22	   -1,06	   -0,17	    0,30	    0,05	   -0,22	    0,63	   -0,40	   -0,22	    0,16	   -0,45	   -0,41	    0,17	   -0,30	   -0,05	    0,22	   -0,63	    0,00	    0,40	    0,22	   -0,16	    0,45	    0,41	    0,00
 P909	   -0,10	    0,40	   -0,47	   -4,81	   -1,52	    0,72	   -3,59	    0,47	    0,03	    0,10	   -0,21	    0,06	   -0,47	   -0,03	   -0,10	    0,21	   -0,06	    4,79	    0,30	   -0,03	    0,14	    0,80	   -4,79	   -0,30	    0,03	   -0,14	   -0,80	    3,41	    0,20	    0,20	   -0,40	    0,53	   -1,30	   -0,09	    0,24	   -0,56	   -0,26	   -3,41	   -0,20	   -0,20	    0,40	   -0,53	   -0,00	    1,30	    0,09	   -0,24	    0,56	    0,26	    0,00
 P910	    0,01	    0,04	   -0,33	   -6,99	    1,41	   -0,85	   -4,95	    0,05	    0,03	    0,11	   -0,23	    0,06	   -0,05	   -0,03	   -0,11	    0,23	   -0,06	    0,79	    0,20	   -0,05	    0,15	    0,69	   -0,79	   -0,20	    0,05	   -0,15	   -0,69	    0,49	    0,16	    0,23	   -0,43	    0,47	   -0,28	   -0,03	    0,29	   -0,61	   -0,20	   -0,49	   -0,16	   -0,23	    0,43	   -0,47	   -0,00	    0,28	    0,03	   -0,29	    0,61	    0,20	   -0,00
 P911	    0,02	    0,18	    0,22	   -4,24	    0,82	   -0,54	   -3,46	    0,03	    0,03	    0,11	   -0,23	    0,06	   -0,03	   -0,03	   -0,11	    0,23	   -0,06	   -0,94	    0,20	   -0,05	    0,15	    0,69	    0,94	   -0,20	    0,05	   -0,15	   -0,69	   -0,40	    0,16	    0,23	   -0,43	    0,47	    0,53	   -0,03	    0,29	   -0,61	   -0,20	    0,40	   -0,16	   -0,23	    0,43	   -0,47	   -0,00	   -0,53	    0,03	   -0,29	    0,61	    0,20	   -0,00
 P912	   -1,33	   -0,23	    1,33	   -1,18	    0,18	   -0,30	   -2,18	   -0,37	    0,02	    0,09	   -0,20	    0,06	    0,37	   -0,02	   -0,09	    0,20	   -0,06	   -3,25	    0,22	   -0,08	    0,19	    0,71	    3,25	   -0,22	    0,08	   -0,19	   -0,71	   -2,40	    0,16	    0,17	   -0,36	    0,47	    0,73	   -0,06	    0,26	   -0,57	   -0,22	    2,40	   -0,16	   -0,17	    0,36	   -0,47	   -0,00	   -0,73	    0,06	   -0,26	    0,57	    0,22	   -0,00
 P913	   -1,13	    0,04	   -0,60	   -2,40	   -6,47	    3,49	   -2,77	    0,00	    0,02	    0,05	   -0,15	    0,05	   -0,00	   -0,02	   -0,05	    0,15	   -0,05	   -0,00	    0,52	   -0,11	    0,22	    1,05	    0,00	   -0,52	    0,11	   -0,22	   -1,05	    0,01	    0,29	    0,05	   -0,22	    0,62	    0,01	   -0,22	    0,16	   -0,47	   -0,41	   -0,01	   -0,29	   -0,05	    0,22	   -0,62	   -0,00	   -0,01	    0,22	   -0,16	    0,47	    0,41	    0,00
 P914	   -0,02	   -0,11	   -0,90	  -13,85	   -3,84	    2,19	   -9,38	    0,59	    0,03	    0,11	   -0,22	    0,06	   -0,59	   -0,03	   -0,11	    0,22	   -0,06	    3,38	    0,45	   -0,10	    0,20	    0,98	   -3,38	   -0,45	    0,10	   -0,20	   -0,98	    2,94	    0,28	    0,19	   -0,39	    0,61	   -0,26	   -0,16	    0,30	   -0,62	   -0,34	   -2,94	   -0,28	   -0,19	    0,39	   -0,61	    0,00	    0,26	    0,16	   -0,30	    0,62	    0,34	    0,00
 P915	   -0,00	   -0,06	   -0,40	  -22,70	    4,41	   -2,72	  -17,19	   -0,06	    0,03	    0,11	   -0,22	    0,07	    0,06	   -0,03	   -0,11	    0,22	   -0,07	    0,58	    0,12	   -0,02	    0,11	    0,60	   -0,58	   -0,12	    0,02	   -0,11	   -0,60	    0,16	    0,12	    0,23	   -0,43	    0,43	   -0,42	    0,01	    0,27	   -0,58	   -0,14	   -0,16	   -0,12	   -0,23	    0,43	   -0,43	   -0,00	    0,42	   -0,01	   -0,27	    0,58	    0,14	    0,00
 P916	   -0,00	   -0,05	   -0,05	  -23,40	    4,57	   -3,02	  -18,49	    0,08	    0,03	    0,11	   -0,22	    0,06	   -0,08	   -0,03	   -0,11	    0,22	   -0,06	   -0,02	    0,11	   -0,01	    0,10	    0,58	    0,02	   -0,11	    0,01	   -0,10	   -0,58	    0,17	    0,12	    0,23	   -0,44	    0,42	    0,21	    0,01	    0,26	   -0,58	   -0,14	   -0,17	   -0,12	   -0,23	    0,44	   -0,42	   -0,00	   -0,21	   -0,01	   -0,26	    0,58	    0,14	   -0,00
 P917	   -0,01	   -0,06	   -0,31	  -21,71	    4,22	   -2,32	  -15,16	    0,28	    0,03	    0,11	   -0,22	    0,06	   -0,28	   -0,03	   -0,11	    0,22	   -0,06	    0,76	    0,11	   -0,01	    0,10	    0,59	   -0,76	   -0,11	    0,01	   -0,10	   -0,59	    0,99	    0,11	    0,23	   -0,44	    0,41	    0,32	    0,01	    0,26	   -0,58	   -0,15	   -0,99	   -0,11	   -0,23	    0,44	   -0,41	   -0,00	   -0,32	   -0,01	   -0,26	    0,58	    0,15	   -0,00
 P918	    0,01	   -0,07	    0,05	  -21,30	    4,13	   -2,13	  -14,25	   -0,13	    0,03	    0,11	   -0,22	    0,06	    0,13	   -0,03	   -0,11	    0,22	   -0,06	    0,78	    0,11	   -0,01	    0,10	    0,59	   -0,78	   -0,11	    0,01	   -0,10	   -0,59	    0,09	    0,11	    0,23	   -0,44	    0,41	   -0,69	    0,01	    0,26	   -0,58	   -0,15	   -0,09	   -0,11	   -0,23	    0,44	   -0,41	   -0,00	    0,69	   -0,01	   -0,26	    0,58	    0,15	   -0,00
 P919	    0,00	   -0,04	    0,16	  -22,54	    4,41	   -2,68	  -16,68	   -0,13	    0,03	    0,11	   -0,22	    0,06	    0,13	   -0,03	   -0,11	    0,22	   -0,06	    0,10	    0,10	   -0,01	    0,10	    0,58	   -0,10	   -0,10	    0,01	   -0,10	   -0,58	   -0,23	    0,11	    0,24	   -0,45	    0,40	   -0,36	    0,01	    0,26	   -0,58	   -0,14	    0,23	   -0,11	   -0,24	    0,45	   -0,40	   -0,00	    0,35	   -0,01	   -0,26	    0,58	    0,14	   -0,00
 P920	   -0,00	   -0,05	   -0,31	  -22,07	    4,32	   -2,50	  -15,81	    0,08	    0,03	    0,11	   -0,22	    0,06	   -0,08	   -0,03	   -0,11	    0,22	   -0,06	    0,39	    0,11	   -0,01	    0,10	    0,58	   -0,39	   -0,11	    0,01	   -0,10	   -0,58	    0,35	    0,11	    0,24	   -0,45	    0,40	   -0,00	    0,01	    0,26	   -0,58	   -0,14	   -0,35	   -0,11	   -0,24	    0,45	   -0,40	   -0,00	    0,00	   -0,01	   -0,26	    0,58	    0,14	   -0,00
 P921	   -0,03	   -0,09	   -0,88	  -21,40	    4,17	   -2,16	  -14,20	    0,17	    0,03	    0,12	   -0,23	    0,06	   -0,17	   -0,03	   -0,12	    0,23	   -0,06	    1,11	    0,14	   -0,01	    0,10	    0,61	   -1,11	   -0,14	    0,01	   -0,10	   -0,61	    0,90	    0,13	    0,25	   -0,47	    0,42	   -0,12	    0,00	    0,29	   -0,61	   -0,15	   -0,90	   -0,13	   -0,25	    0,47	   -0,42	   -0,00	    0,12	   -0,00	   -0,29	    0,61	    0,15	    0,00
 P922	    0,00	   -0,05	   -0,40	  -22,37	    4,39	   -2,64	  -16,35	    0,11	    0,03	    0,11	   -0,23	    0,06	   -0,11	   -0,03	   -0,11	    0,23	   -0,06	    0,48	    0,11	   -0,01	    0,10	    0,58	   -0,48	   -0,11	    0,01	   -0,10	   -0,58	    0,47	    0,11	    0,24	   -0,45	    0,40	    0,03	    0,01	    0,27	   -0,59	   -0,14	   -0,47	   -0,11	   -0,24	    0,45	   -0,40	   -0,00	   -0,03	   -0,01	   -0,27	    0,59	    0,14	    0,00
 P923	    0,01	   -0,05	   -0,24	  -22,76	    4,43	   -2,76	  -17,13	    0,11	    0,03	    0,13	   -0,25	    0,06	   -0,11	   -0,03	   -0,13	    0,25	   -0,06	    0,03	    0,11	   -0,01	    0,09	    0,58	   -0,03	   -0,11	    0,01	   -0,09	   -0,58	    0,26	    0,12	    0,28	   -0,50	    0,41	    0,25	    0,02	    0,31	   -0,64	   -0,13	   -0,26	   -0,12	   -0,28	    0,50	   -0,41	   -0,00	   -0,25	   -0,02	   -0,31	    0,64	    0,13	   -0,00
 P924	   -0,00	   -0,04	   -0,82	  -21,50	    4,22	   -2,29	  -14,65	   -0,01	    0,03	    0,11	   -0,23	    0,06	    0,01	   -0,03	   -0,11	    0,23	   -0,06	    0,73	    0,12	   -0,01	    0,10	    0,60	   -0,73	   -0,12	    0,01	   -0,10	   -0,60	    0,31	    0,12	    0,24	   -0,45	    0,40	   -0,38	    0,01	    0,27	   -0,58	   -0,15	   -0,31	   -0,12	   -0,24	    0,45	   -0,40	   -0,00	    0,38	   -0,01	   -0,27	    0,58	    0,15	   -0,00
 P925	    0,01	   -0,05	   -0,32	  -21,70	    4,26	   -2,36	  -14,97	   -0,23	    0,03	    0,11	   -0,23	    0,05	    0,23	   -0,03	   -0,11	    0,23	   -0,05	    0,59	    0,12	   -0,01	    0,10	    0,60	   -0,59	   -0,12	    0,01	   -0,10	   -0,60	   -0,23	    0,11	    0,24	   -0,45	    0,40	   -0,83	    0,01	    0,27	   -0,59	   -0,15	    0,23	   -0,11	   -0,24	    0,45	   -0,40	   -0,00	    0,83	   -0,01	   -0,27	    0,59	    0,15	    0,00
 P926	    0,01	   -0,05	   -0,01	  -22,34	    4,40	   -2,63	  -16,21	   -0,13	    0,03	    0,11	   -0,23	    0,05	    0,13	   -0,03	   -0,11	    0,23	   -0,05	    0,18	    0,11	   -0,01	    0,09	    0,59	   -0,18	   -0,11	    0,01	   -0,09	   -0,59	   -0,20	    0,11	    0,24	   -0,46	    0,39	   -0,39	    0,01	    0,27	   -0,59	   -0,15	    0,20	   -0,11	   -0,24	    0,46	   -0,39	   -0,00	    0,39	   -0,01	   -0,27	    0,59	    0,15	   -0,00
 P927	    0,00	   -0,05	   -0,79	  -13,01	    2,37	   -1,23	   -9,78	    0,09	    0,03	    0,11	   -0,23	    0,05	   -0,09	   -0,03	   -0,11	    0,23	   -0,05	    0,49	    0,12	   -0,01	    0,09	    0,60	   -0,49	   -0,12	    0,01	   -0,09	   -0,60	    0,43	    0,11	    0,24	   -0,46	    0,39	    0,00	    0,00	    0,27	   -0,59	   -0,16	   -0,43	   -0,11	   -0,24	    0,46	   -0,39	    0,00	   -0,00	   -0,00	   -0,27	    0,59	    0,16	   -0,00
 P928	    0,01	   -0,05	   -1,32	  -16,63	    3,16	   -1,74	  -12,11	    0,18	    0,03	    0,11	   -0,23	    0,05	   -0,18	   -0,03	   -0,11	    0,23	   -0,05	    0,80	    0,13	   -0,01	    0,10	    0,61	   -0,80	   -0,13	    0,01	   -0,10	   -0,61	    0,78	    0,12	    0,24	   -0,46	    0,39	    0,08	    0,00	    0,27	   -0,59	   -0,17	   -0,78	   -0,12	   -0,24	    0,46	   -0,39	   -0,00	   -0,08	   -0,00	   -0,27	    0,59	    0,17	   -0,00
 P929	    0,01	   -0,05	   -0,66	  -29,93	    6,06	   -4,07	  -22,82	    0,15	    0,02	    0,11	   -0,23	    0,05	   -0,15	   -0,02	   -0,11	    0,23	   -0,05	    0,31	    0,12	   -0,01	    0,09	    0,60	   -0,31	   -0,12	    0,01	   -0,09	   -0,60	    0,47	    0,11	    0,24	   -0,46	    0,38	    0,21	    0,00	    0,27	   -0,59	   -0,16	   -0,47	   -0,11	   -0,24	    0,46	   -0,38	   -0,00	   -0,21	   -0,00	   -0,27	    0,59	    0,16	   -0,00
 P930	    0,01	   -0,05	   -0,19	  -29,77	    5,97	   -3,94	  -22,46	   -0,03	    0,03	    0,13	   -0,25	    0,05	    0,03	   -0,03	   -0,13	    0,25	   -0,05	    0,15	    0,13	   -0,00	    0,09	    0,61	   -0,15	   -0,13	    0,00	   -0,09	   -0,61	    0,01	    0,12	    0,28	   -0,51	    0,39	   -0,14	    0,01	    0,31	   -0,63	   -0,16	   -0,01	   -0,12	   -0,28	    0,51	   -0,39	    0,00	    0,14	   -0,01	   -0,31	    0,63	    0,16	   -0,00
 P931	    0,00	   -0,05	   -0,93	  -27,78	    5,59	   -3,14	  -18,54	   -0,11	    0,02	    0,11	   -0,23	    0,04	    0,11	   -0,02	   -0,11	    0,23	   -0,04	    0,77	    0,14	   -0,01	    0,10	    0,63	   -0,77	   -0,14	    0,01	   -0,10	   -0,63	    0,10	    0,11	    0,24	   -0,46	    0,38	   -0,62	   -0,01	    0,27	   -0,59	   -0,18	   -0,10	   -0,11	   -0,24	    0,46	   -0,38	   -0,00	    0,62	    0,01	   -0,27	    0,59	    0,18	   -0,00
 P932	    0,01	   -0,05	   -0,59	  -28,91	    5,84	   -3,63	  -20,77	   -0,04	    0,02	    0,11	   -0,23	    0,04	    0,04	   -0,02	   -0,11	    0,23	   -0,04	    0,47	    0,13	   -0,01	    0,09	    0,62	   -0,47	   -0,13	    0,01	   -0,09	   -0,62	    0,12	    0,11	    0,24	   -0,46	    0,37	   -0,32	   -0,01	    0,27	   -0,59	   -0,18	   -0,12	   -0,11	   -0,24	    0,46	   -0,37	   -0,00	    0,32	    0,01	   -0,27	    0,59	    0,18	    0,00
 P934	    0,01	   -0,05	   -0,23	  -29,90	    6,06	   -4,07	  -22,74	   -0,01	    0,02	    0,11	   -0,23	    0,04	    0,01	   -0,02	   -0,11	    0,23	   -0,04	    0,39	    0,13	   -0,01	    0,09	    0,62	   -0,39	   -0,13	    0,01	   -0,09	   -0,62	    0,16	    0,11	    0,24	   -0,46	    0,37	   -0,19	   -0,01	    0,27	   -0,59	   -0,18	   -0,16	   -0,11	   -0,24	    0,46	   -0,37	   -0,00	    0,19	    0,01	   -0,27	    0,59	    0,18	   -0,00
 P936	    0,00	   -0,05	   -0,77	  -28,48	    5,74	   -3,45	  -19,94	   -0,00	    0,02	    0,11	   -0,23	    0,04	    0,00	   -0,02	   -0,11	    0,23	   -0,04	    1,02	    0,15	   -0,01	    0,10	    0,65	   -1,02	   -0,15	    0,01	   -0,10	   -0,65	    0,45	    0,11	    0,24	   -0,46	    0,38	   -0,46	   -0,01	    0,27	   -0,59	   -0,20	   -0,45	   -0,11	   -0,24	    0,46	   -0,38	    0,00	    0,46	    0,01	   -0,27	    0,59	    0,20	   -0,00
 P937	    0,02	   -0,10	    4,25	   -0,93	    0,85	   -1,69	   -2,37	    0,91	    0,01	    0,12	   -0,26	    0,03	   -0,91	   -0,01	   -0,12	    0,26	   -0,03	   -2,68	    0,17	   -0,14	    0,29	    0,69	    2,68	   -0,17	    0,14	   -0,29	   -0,69	    0,94	    0,10	    0,22	   -0,47	    0,37	    3,18	   -0,05	    0,33	   -0,70	   -0,24	   -0,94	   -0,10	   -0,22	    0,47	   -0,37	   -0,00	   -3,18	    0,05	   -0,33	    0,70	    0,24	   -0,00
 P938	    0,02	   -0,05	   -0,82	  -28,55	    5,77	   -3,51	  -20,15	   -0,00	    0,02	    0,11	   -0,23	    0,04	    0,00	   -0,02	   -0,11	    0,23	   -0,04	    1,03	    0,15	   -0,01	    0,10	    0,65	   -1,03	   -0,15	    0,01	   -0,10	   -0,65	    0,46	    0,11	    0,24	   -0,46	    0,37	   -0,46	   -0,01	    0,27	   -0,59	   -0,20	   -0,46	   -0,11	   -0,24	    0,46	   -0,37	   -0,00	    0,46	    0,01	   -0,27	    0,59	    0,20	    0,00
 P939	    0,05	   -0,07	    0,65	   -0,80	    0,87	   -1,71	   -2,17	   -0,02	    0,01	    0,13	   -0,27	    0,02	    0,02	   -0,01	   -0,13	    0,27	   -0,02	   -0,91	    0,15	   -0,14	    0,30	    0,65	    0,91	   -0,15	    0,14	   -0,30	   -0,65	   -0,44	    0,08	    0,23	   -0,48	    0,34	    0,37	   -0,05	    0,35	   -0,72	   -0,24	    0,44	   -0,08	   -0,23	    0,48	   -0,34	   -0,00	   -0,37	    0,05	   -0,35	    0,72	    0,24	    0,00
 P940	    0,01	   -0,04	   -0,13	  -30,62	    6,21	   -4,41	  -24,33	    0,01	    0,02	    0,11	   -0,23	    0,04	   -0,01	   -0,02	   -0,11	    0,23	   -0,04	    0,38	    0,13	   -0,01	    0,09	    0,63	   -0,38	   -0,13	    0,00	   -0,09	   -0,63	    0,20	    0,11	    0,24	   -0,46	    0,36	   -0,14	   -0,01	    0,26	   -0,58	   -0,19	   -0,20	   -0,11	   -0,24	    0,46	   -0,36	   -0,00	    0,14	    0,01	   -0,26	    0,58	    0,19	    0,00
 P941	    0,04	   -0,04	   -0,67	   -0,65	    0,88	   -1,72	   -1,93	   -0,24	    0,01	    0,13	   -0,27	    0,02	    0,24	   -0,01	   -0,13	    0,27	   -0,02	    0,25	    0,12	   -0,15	    0,31	    0,60	   -0,25	   -0,12	    0,15	   -0,31	   -0,60	   -0,43	    0,06	    0,24	   -0,49	    0,30	   -0,62	   -0,04	    0,35	   -0,73	   -0,23	    0,43	   -0,06	   -0,24	    0,49	   -0,30	   -0,00	    0,62	    0,04	   -0,35	    0,72	    0,23	    0,00
 P942	    0,01	   -0,04	   -0,51	  -30,06	    6,10	   -4,18	  -23,24	    0,00	    0,02	    0,11	   -0,23	    0,04	   -0,00	   -0,02	   -0,11	    0,23	   -0,04	    0,92	    0,15	   -0,00	    0,09	    0,65	   -0,92	   -0,15	    0,00	   -0,09	   -0,65	    0,42	    0,11	    0,24	   -0,46	    0,37	   -0,40	   -0,01	    0,26	   -0,58	   -0,20	   -0,42	   -0,11	   -0,24	    0,46	   -0,37	    0,00	    0,40	    0,01	   -0,26	    0,58	    0,20	   -0,00
 P943	    0,04	   -0,02	   -0,17	   -0,64	    0,88	   -1,73	   -1,96	   -0,01	    0,00	    0,13	   -0,27	    0,01	    0,01	   -0,00	   -0,13	    0,27	   -0,01	    0,02	    0,11	   -0,15	    0,31	    0,60	   -0,02	   -0,11	    0,15	   -0,31	   -0,60	   -0,03	    0,06	    0,24	   -0,48	    0,30	   -0,04	   -0,04	    0,35	   -0,73	   -0,23	    0,03	   -0,06	   -0,24	    0,48	   -0,30	    0,00	    0,04	    0,04	   -0,35	    0,73	    0,23	   -0,00
 P944	    0,03	   -0,06	   -1,95	  -32,26	    6,58	   -3,77	  -21,34	   -0,08	    0,02	    0,11	   -0,23	    0,03	    0,08	   -0,02	   -0,11	    0,23	   -0,03	    2,81	    0,18	   -0,01	    0,10	    0,70	   -2,81	   -0,18	    0,01	   -0,10	   -0,70	    1,08	    0,12	    0,24	   -0,46	    0,38	   -1,42	   -0,03	    0,27	   -0,59	   -0,23	   -1,08	   -0,12	   -0,24	    0,46	   -0,38	   -0,00	    1,41	    0,03	   -0,27	    0,59	    0,23	   -0,00
 P945	    0,04	   -0,03	    1,84	   -0,88	    0,89	   -1,74	   -2,39	   -0,05	    0,01	    0,13	   -0,27	    0,02	    0,05	   -0,01	   -0,13	    0,27	   -0,02	   -2,09	    0,15	   -0,16	    0,32	    0,66	    2,09	   -0,15	    0,16	   -0,32	   -0,66	   -0,99	    0,08	    0,23	   -0,48	    0,33	    0,83	   -0,05	    0,35	   -0,73	   -0,25	    0,99	   -0,08	   -0,23	    0,48	   -0,33	    0,00	   -0,83	    0,05	   -0,35	    0,73	    0,25	   -0,00
 P946	    0,07	   -0,11	    4,35	   -1,88	    0,87	   -1,72	   -3,71	   -1,21	    0,01	    0,12	   -0,26	    0,02	    1,21	   -0,01	   -0,12	    0,26	   -0,02	   -5,79	    0,48	   -0,16	    0,32	    1,05	    5,79	   -0,48	    0,16	   -0,32	   -1,05	   -5,12	    0,24	    0,22	   -0,46	    0,52	    0,03	   -0,18	    0,34	   -0,71	   -0,40	    5,12	   -0,24	   -0,22	    0,46	   -0,52	    0,00	   -0,03	    0,18	   -0,34	    0,71	    0,40	   -0,00
 P947	    0,54	   -0,10	   -1,42	   -1,92	    0,47	   -1,19	   -3,77	   -0,50	    0,01	    0,06	   -0,19	    0,02	    0,50	   -0,01	   -0,06	    0,19	   -0,02	    0,33	    0,50	   -0,07	    0,22	    1,08	   -0,33	   -0,50	    0,07	   -0,22	   -1,08	   -0,87	    0,25	    0,11	   -0,34	    0,53	   -1,13	   -0,19	    0,17	   -0,52	   -0,41	    0,87	   -0,25	   -0,11	    0,34	   -0,53	   -0,00	    1,13	    0,19	   -0,17	    0,52	    0,41	   -0,00
 P948	    0,60	   -0,14	   -1,14	   -1,94	    0,41	   -1,06	   -3,79	   -0,09	    0,01	    0,06	   -0,19	    0,02	    0,09	   -0,01	   -0,06	    0,19	   -0,02	    1,45	    0,51	   -0,06	    0,20	    1,09	   -1,45	   -0,51	    0,06	   -0,20	   -1,09	    0,46	    0,25	    0,11	   -0,34	    0,54	   -0,80	   -0,19	    0,17	   -0,51	   -0,42	   -0,46	   -0,25	   -0,11	    0,34	   -0,54	   -0,00	    0,80	    0,19	   -0,17	    0,51	    0,42	   -0,00
 P949	    0,83	   -0,05	   -0,43	   -1,95	    0,36	   -0,94	   -3,81	   -0,01	    0,01	    0,06	   -0,19	    0,02	    0,01	   -0,01	   -0,06	    0,19	   -0,02	    0,79	    0,51	   -0,06	    0,19	    1,09	   -0,79	   -0,51	    0,06	   -0,19	   -1,09	    0,33	    0,25	    0,11	   -0,34	    0,54	   -0,37	   -0,19	    0,16	   -0,50	   -0,42	   -0,33	   -0,25	   -0,11	    0,34	   -0,54	   -0,00	    0,37	    0,19	   -0,16	    0,50	    0,42	   -0,00
 P950	    1,22	   -0,16	   -0,12	   -1,96	    0,31	   -0,83	   -3,83	   -0,08	    0,01	    0,06	   -0,19	    0,02	    0,08	   -0,01	   -0,06	    0,19	   -0,02	    0,26	    0,51	   -0,05	    0,19	    1,09	   -0,26	   -0,51	    0,05	   -0,19	   -1,09	   -0,03	    0,25	    0,11	   -0,34	    0,54	   -0,29	   -0,19	    0,16	   -0,50	   -0,42	    0,03	   -0,25	   -0,11	    0,34	   -0,54	   -0,00	    0,29	    0,19	   -0,16	    0,50	    0,42	   -0,00
 P951	    0,53	    0,06	   -0,02	   -1,97	    0,27	   -0,72	   -3,85	   -0,16	    0,01	    0,06	   -0,19	    0,02	    0,16	   -0,01	   -0,06	    0,19	   -0,02	   -0,03	    0,51	   -0,05	    0,18	    1,09	    0,03	   -0,51	    0,05	   -0,18	   -1,09	   -0,35	    0,25	    0,12	   -0,34	    0,53	   -0,36	   -0,19	    0,16	   -0,50	   -0,42	    0,35	   -0,25	   -0,12	    0,34	   -0,53	   -0,00	    0,36	    0,19	   -0,16	    0,50	    0,42	   -0,00
 P952	    0,46	    0,07	    0,01	   -1,98	    0,23	   -0,62	   -3,87	   -0,26	    0,01	    0,06	   -0,19	    0,02	    0,26	   -0,01	   -0,06	    0,19	   -0,02	   -0,15	    0,51	   -0,05	    0,17	    1,09	    0,15	   -0,51	    0,05	   -0,17	   -1,09	   -0,64	    0,25	    0,12	   -0,35	    0,53	   -0,53	   -0,19	    0,16	   -0,50	   -0,42	    0,64	   -0,25	   -0,12	    0,35	   -0,53	   -0,00	    0,53	    0,19	   -0,16	    0,50	    0,42	   -0,00
 P953	    0,23	   -0,05	    0,06	   -2,00	    0,19	   -0,53	   -3,90	   -0,38	    0,01	    0,06	   -0,19	    0,02	    0,38	   -0,01	   -0,06	    0,19	   -0,02	   -0,08	    0,51	   -0,05	    0,17	    1,09	    0,08	   -0,51	    0,05	   -0,17	   -1,09	   -0,90	    0,25	    0,12	   -0,35	    0,53	   -0,84	   -0,19	    0,16	   -0,49	   -0,42	    0,90	   -0,25	   -0,12	    0,35	   -0,53	   -0,00	    0,84	    0,19	   -0,16	    0,49	    0,42	   -0,00
 P954	    0,41	   -0,08	    0,32	   -2,01	    0,16	   -0,44	   -3,92	   -0,42	    0,01	    0,06	   -0,18	    0,02	    0,42	   -0,01	   -0,06	    0,18	   -0,02	    0,16	    0,51	   -0,04	    0,16	    1,09	   -0,16	   -0,51	    0,04	   -0,16	   -1,09	   -0,89	    0,25	    0,12	   -0,34	    0,53	   -1,04	   -0,19	    0,16	   -0,49	   -0,42	    0,89	   -0,25	   -0,12	    0,34	   -0,53	   -0,00	    1,04	    0,19	   -0,16	    0,49	    0,42	   -0,00
 P955	    0,38	   -0,12	   -0,48	   -2,26	    0,13	   -0,36	   -4,22	   -0,30	    0,01	    0,06	   -0,18	    0,02	    0,30	   -0,01	   -0,06	    0,18	   -0,02	    1,25	    0,61	   -0,04	    0,16	    1,21	   -1,25	   -0,61	    0,04	   -0,16	   -1,21	   -0,14	    0,30	    0,12	   -0,34	    0,58	   -1,23	   -0,24	    0,16	   -0,49	   -0,47	    0,14	   -0,30	   -0,12	    0,34	   -0,58	   -0,00	    1,23	    0,24	   -0,16	    0,49	    0,47	   -0,00
 P956	    0,20	   -0,04	   -0,85	   -2,04	    0,11	   -0,30	   -3,97	   -0,18	    0,01	    0,06	   -0,18	    0,02	    0,18	   -0,01	   -0,06	    0,18	   -0,02	    1,12	    0,51	   -0,04	    0,15	    1,09	   -1,12	   -0,51	    0,04	   -0,15	   -1,09	    0,07	    0,25	    0,12	   -0,34	    0,53	   -0,91	   -0,20	    0,15	   -0,48	   -0,42	   -0,07	   -0,25	   -0,12	    0,34	   -0,53	   -0,00	    0,91	    0,20	   -0,15	    0,48	    0,42	   -0,00
 P957	    0,22	   -0,04	   -0,22	   -2,08	    0,09	   -0,24	   -4,05	   -0,16	    0,01	    0,06	   -0,17	    0,02	    0,16	   -0,01	   -0,06	    0,17	   -0,02	    0,38	    0,51	   -0,03	    0,14	    1,09	   -0,38	   -0,51	    0,03	   -0,14	   -1,09	   -0,20	    0,25	    0,11	   -0,33	    0,53	   -0,55	   -0,20	    0,14	   -0,46	   -0,42	    0,20	   -0,25	   -0,11	    0,33	   -0,53	   -0,00	    0,55	    0,20	   -0,14	    0,46	    0,42	   -0,00
 P958	    0,20	   -0,10	   -0,01	   -2,12	    0,08	   -0,21	   -4,12	   -0,12	    0,01	    0,06	   -0,17	    0,02	    0,12	   -0,01	   -0,06	    0,17	   -0,02	    0,07	    0,51	   -0,03	    0,14	    1,09	   -0,07	   -0,51	    0,03	   -0,14	   -1,09	   -0,25	    0,25	    0,11	   -0,32	    0,52	   -0,32	   -0,20	    0,14	   -0,45	   -0,42	    0,25	   -0,25	   -0,11	    0,32	   -0,52	   -0,00	    0,32	    0,20	   -0,14	    0,45	    0,42	   -0,00
 P959	    0,53	   -0,09	    0,06	   -2,16	    0,08	   -0,19	   -4,20	   -0,04	    0,01	    0,05	   -0,17	    0,02	    0,04	   -0,01	   -0,05	    0,17	   -0,02	   -0,10	    0,51	   -0,03	    0,13	    1,09	    0,10	   -0,51	    0,03	   -0,13	   -1,09	   -0,14	    0,25	    0,11	   -0,32	    0,52	   -0,06	   -0,20	    0,14	   -0,44	   -0,42	    0,14	   -0,25	   -0,11	    0,32	   -0,52	   -0,00	    0,06	    0,20	   -0,14	    0,44	    0,42	   -0,00
 P960	    0,52	   -0,15	    0,12	   -2,21	    0,09	   -0,18	   -4,28	   -0,01	    0,01	    0,05	   -0,16	    0,02	    0,01	   -0,01	   -0,05	    0,16	   -0,02	   -0,37	    0,51	   -0,02	    0,12	    1,08	    0,37	   -0,51	    0,02	   -0,12	   -1,08	   -0,18	    0,25	    0,11	   -0,31	    0,52	    0,15	   -0,20	    0,13	   -0,44	   -0,42	    0,18	   -0,25	   -0,11	    0,31	   -0,52	   -0,00	   -0,15	    0,20	   -0,13	    0,44	    0,42	   -0,00
 P961	    0,10	    0,01	    0,05	   -2,26	    0,09	   -0,18	   -4,37	   -0,04	    0,01	    0,06	   -0,17	    0,02	    0,04	   -0,01	   -0,06	    0,17	   -0,02	   -0,57	    0,50	   -0,02	    0,11	    1,08	    0,57	   -0,50	    0,02	   -0,11	   -1,08	   -0,35	    0,25	    0,12	   -0,33	    0,52	    0,14	   -0,19	    0,14	   -0,45	   -0,42	    0,35	   -0,25	   -0,12	    0,32	   -0,52	   -0,00	   -0,14	    0,19	   -0,14	    0,45	    0,42	   -0,00
 P962	    0,01	   -0,08	   -0,82	   -2,30	    0,11	   -0,20	   -4,45	   -0,24	    0,01	    0,05	   -0,16	    0,02	    0,24	   -0,01	   -0,05	    0,16	   -0,02	    0,31	    0,50	   -0,01	    0,10	    1,07	   -0,31	   -0,50	    0,01	   -0,10	   -1,07	   -0,39	    0,24	    0,11	   -0,31	    0,52	   -0,71	   -0,19	    0,13	   -0,42	   -0,41	    0,39	   -0,24	   -0,11	    0,31	   -0,52	   -0,00	    0,71	    0,19	   -0,13	    0,42	    0,41	   -0,00
 P963	    0,02	   -0,07	   -3,88	  -21,38	    4,16	   -2,38	  -15,21	   -0,74	    0,02	    0,11	   -0,22	    0,03	    0,74	   -0,02	   -0,11	    0,22	   -0,03	    6,59	    0,48	   -0,03	    0,13	    1,06	   -6,59	   -0,48	    0,03	   -0,13	   -1,06	    1,28	    0,25	    0,22	   -0,44	    0,53	   -4,66	   -0,17	    0,27	   -0,59	   -0,39	   -1,28	   -0,25	   -0,22	    0,44	   -0,53	    0,00	    4,66	    0,17	   -0,27	    0,59	    0,39	    0,00
